37.83 -122.51499999999999 40.32109069824219 2.385987997055054
37.83 -122.51416666666665 58.23545837402344 2.385987997055054
37.83 -122.51333333333332 79.22864532470703 2.385987997055054
37.83 -122.51249999999999 106.9318008422852 2.385987997055054
37.83 -122.51166666666666 87.82177734375 2.385987997055054
37.83 -122.51083333333332 56.96354675292969 2.385987997055054
37.83 -122.50999999999999 55.78015518188477 2.385987997055054
37.83 -122.50916666666666 81.77772521972656 2.385987997055054
37.83 -122.50833333333333 75.30359649658203 2.385987997055054
37.83 -122.5075 71.16483306884766 2.385987997055054
37.83 -122.51499999999999 40.32109069824219 2.385987997055054
37.83 -122.51416666666665 58.23545837402344 2.385987997055054
37.83 -122.51333333333332 79.22864532470703 2.385987997055054
37.83 -122.51249999999999 106.9318008422852 2.385987997055054
37.83 -122.51166666666666 87.82177734375 2.385987997055054
37.83 -122.51083333333332 56.96354675292969 2.385987997055054
37.83 -122.50999999999999 55.78015518188477 2.385987997055054
37.83 -122.50916666666666 81.77772521972656 2.385987997055054
37.83 -122.50833333333333 75.30359649658203 2.385987997055054
37.83 -122.5075 71.16483306884766 2.385987997055054
37.83 -122.51499999999999 40.32109069824219 2.385987997055054
37.83 -122.51416666666665 58.23545837402344 2.385987997055054
37.83 -122.51333333333332 79.22864532470703 2.385987997055054
37.83 -122.51249999999999 106.9318008422852 2.385987997055054
37.83 -122.51166666666666 87.82177734375 2.385987997055054
37.83 -122.51083333333332 56.96354675292969 2.385987997055054
37.83 -122.50999999999999 55.78015518188477 2.385987997055054
37.83 -122.50916666666666 81.77772521972656 2.385987997055054
37.83 -122.50833333333333 75.30359649658203 2.385987997055054
37.83 -122.5075 71.16483306884766 2.385987997055054
37.83 -122.51499999999999 40.32109069824219 2.385987997055054
37.83 -122.51416666666665 58.23545837402344 2.385987997055054
37.83 -122.51333333333332 79.22864532470703 2.385987997055054
37.83 -122.51249999999999 106.9318008422852 2.385987997055054
37.83 -122.51166666666666 87.82177734375 2.385987997055054
37.83 -122.51083333333332 56.96354675292969 2.385987997055054
37.83 -122.50999999999999 55.78015518188477 2.385987997055054
37.83 -122.50916666666666 81.77772521972656 2.385987997055054
37.83 -122.50833333333333 75.30359649658203 2.385987997055054
37.83 -122.5075 71.16483306884766 2.385987997055054
37.83 -122.51499999999999 40.32109069824219 2.385987997055054
37.83 -122.51416666666665 58.23545837402344 2.385987997055054
37.83 -122.51333333333332 79.22864532470703 2.385987997055054
37.83 -122.51249999999999 106.9318008422852 2.385987997055054
37.83 -122.51166666666666 87.82177734375 2.385987997055054
37.83 -122.51083333333332 56.96354675292969 2.385987997055054
37.83 -122.50999999999999 55.78015518188477 2.385987997055054
37.83 -122.50916666666666 81.77772521972656 2.385987997055054
37.83 -122.50833333333333 75.30359649658203 2.385987997055054
37.83 -122.5075 71.16483306884766 2.385987997055054
37.83 -122.51499999999999 40.32109069824219 2.385987997055054
37.83 -122.51416666666665 58.23545837402344 2.385987997055054
37.83 -122.51333333333332 79.22864532470703 2.385987997055054
37.83 -122.51249999999999 106.9318008422852 2.385987997055054
37.83 -122.51166666666666 87.82177734375 2.385987997055054
37.83 -122.51083333333332 56.96354675292969 2.385987997055054
37.83 -122.50999999999999 55.78015518188477 2.385987997055054
37.83 -122.50916666666666 81.77772521972656 2.385987997055054
37.83 -122.50833333333333 75.30359649658203 2.385987997055054
37.83 -122.5075 71.16483306884766 2.385987997055054
37.83 -122.51499999999999 40.32109069824219 2.385987997055054
37.83 -122.51416666666665 58.23545837402344 2.385987997055054
37.83 -122.51333333333332 79.22864532470703 2.385987997055054
37.83 -122.51249999999999 106.9318008422852 2.385987997055054
37.83 -122.51166666666666 87.82177734375 2.385987997055054
37.83 -122.51083333333332 56.96354675292969 2.385987997055054
37.83 -122.50999999999999 55.78015518188477 2.385987997055054
37.83 -122.50916666666666 81.77772521972656 2.385987997055054
37.83 -122.50833333333333 75.30359649658203 2.385987997055054
37.83 -122.5075 71.16483306884766 2.385987997055054
37.83 -122.51499999999999 40.32109069824219 2.385987997055054
37.83 -122.51416666666665 58.23545837402344 2.385987997055054
37.83 -122.51333333333332 79.22864532470703 2.385987997055054
37.83 -122.51249999999999 106.9318008422852 2.385987997055054
37.83 -122.51166666666666 87.82177734375 2.385987997055054
37.83 -122.51083333333332 56.96354675292969 2.385987997055054
37.83 -122.50999999999999 55.78015518188477 2.385987997055054
37.83 -122.50916666666666 81.77772521972656 2.385987997055054
37.83 -122.50833333333333 75.30359649658203 2.385987997055054
37.83 -122.5075 71.16483306884766 2.385987997055054
37.83 -122.51499999999999 40.32109069824219 2.385987997055054
37.83 -122.51416666666665 58.23545837402344 2.385987997055054
37.83 -122.51333333333332 79.22864532470703 2.385987997055054
37.83 -122.51249999999999 106.9318008422852 2.385987997055054
37.83 -122.51166666666666 87.82177734375 2.385987997055054
37.83 -122.51083333333332 56.96354675292969 2.385987997055054
37.83 -122.50999999999999 55.78015518188477 2.385987997055054
37.83 -122.50916666666666 81.77772521972656 2.385987997055054
37.83 -122.50833333333333 75.30359649658203 2.385987997055054
37.83 -122.5075 71.16483306884766 2.385987997055054
37.83 -122.51499999999999 40.32109069824219 2.385987997055054
37.83 -122.51416666666665 58.23545837402344 2.385987997055054
37.83 -122.51333333333332 79.22864532470703 2.385987997055054
37.83 -122.51249999999999 106.9318008422852 2.385987997055054
37.83 -122.51166666666666 87.82177734375 2.385987997055054
37.83 -122.51083333333332 56.96354675292969 2.385987997055054
37.83 -122.50999999999999 55.78015518188477 2.385987997055054
37.83 -122.50916666666666 81.77772521972656 2.385987997055054
37.83 -122.50833333333333 75.30359649658203 2.385987997055054
37.83 -122.5075 71.16483306884766 2.385987997055054
37.83 -122.51499999999999 40.32109069824219 2.385987997055054
37.83 -122.51416666666665 58.23545837402344 2.385987997055054
37.83 -122.51333333333332 79.22864532470703 2.385987997055054
37.83 -122.51249999999999 106.9318008422852 2.385987997055054
37.83 -122.51166666666666 87.82177734375 2.385987997055054
37.83 -122.51083333333332 56.96354675292969 2.385987997055054
37.83 -122.50999999999999 55.78015518188477 2.385987997055054
37.83 -122.50916666666666 81.77772521972656 2.385987997055054
37.83 -122.50833333333333 75.30359649658203 2.385987997055054
37.83 -122.5075 71.16483306884766 2.385987997055054
